image: waic.pgm
resolution: 0.010000
origin: [-11.030000, -11.860000, 0.0]
negate: 0
occupied_thresh: 0.65
free_thresh: 0.196

