image: J1_2D_5_18.pgm
resolution: 0.010000
origin: [-14.190000, -5.720000, 0.0]
negate: 0
occupied_thresh: 0.65
free_thresh: 0.196

